0  1  -50.0 
0  2  -50.0 
0  9  -50.0 
0  10 -50.0 
0  12 -50.0
0  19 -50.0
1  0  -50.0 
1  9  -50.0 
1  2  -50.0 
1  3  -50.0 
1  4  -50.0
1  6  -50.0 
2  0  -50.0 
2  1  -50.0 
2  5  -50.0 
2  6  -50.0 
3  1  -50.0 
3  4  -50.0 
3  25 -50.0 
4  1  -50.0 
4  3  -50.0 
4  7  -50.0 
5  2  -50.0 
5  6  -50.0
6  1  -50.0
6  2  -50.0
6  5  -50.0
6  8  -50.0
7  4  -50.0
8  6  -50.0
9  0  -50.0
9  25 -50.0
9  24 -50.0
9  23 -50.0
9  10 -50.0
10 0  -50.0
10 9  -50.0
10 21 -50.0
10 11 -50.0
11 10 -50.0
11 12 -50.0
11 19 -50.0
12 0  -50.0
12 11 -50.0
12 14 -50.0
12 13 -50.0
13 12 -50.0
13 17 -50.0
14 12 -50.0
14 18 -50.0
14 15 -50.0
15 0  -50.0
15 14 -50.0
15 16 -50.0
16 15 -50.0
17 13 -50.0
18 14 -50.0 
18 16 -50.0
19 11 -50.0
20 21 -50.0
21 10 -50.0
21 20 -50.0
21 22 -50.0
22 21 -50.0
22 23 -50.0
23 22 -50.0
23 9  -50.0
24 9  -50.0
24 25 -50.0
25 9  -50.0
25 24 -50.0
25 26 -50.0
25 3  -50.0
26 25 -50.0
